DATA 600,1,3,27648,0,0,102,0,0,0,0,0,6144,0,0,0,195,0,24576,6,0,0,0,0,6,0,0,0,0,0,24,6204,108,96, 0
DATA 0,24,6168,-20
DATA 600,1,3,-20
DATA 600,1,3,26136,26208,26208,124,30310,26230,1655,30464,6240,6144,26214,30208,6246,102,26230,30232,26222,26214,26112,19558,6,26222,26230,26214,96,6246,26214,26136,6168,102,1654, 26230
DATA 96,26136,6168,26112,-20
DATA 600,1,3,-20
DATA 600,1,3,27672,24582,24582,96,24678,15456,26211,25344,6150,6656,26214,24576,6246,60,24672,26136,26214,26214,15360,12902,102,26214,24672,24678,6,6246,26172,26136,6144,108,26214, 24672
DATA 6,26136,6170,24576,-20
DATA 600,1,3,-20
DATA 600,1,3,0,0,0,0,0,31744,0,0,0,0,0,0,0,0,0,0,0,0,31744,-20
DATA 600,1,3,-20
DATA 600,1,3,0,0,26112,0,0,102,0,0,1560,0,24,6,0,0,0,96,0,0,102,24,1536,0,0,6,24,0,6144,0,0,0,6, 6
DATA -20
DATA 600,1,3,-20
DATA 600,1,3,30470,26112,32358,26230,6240,102,30571,1638,28184,26230,24,1646,26214,0,24600,26230,102,6246,124,6168,28160,26231,27398,26222,26136,26112,6150,24672,26214,102,26222, 110
DATA 1638,26112,-20
DATA 600,1,3,-20
DATA 600,1,3,25446,26112,26208,26208,6150,102,25398,26214,26136,24672,24,26214,24678,6144,1560,26214,96,6246,102,6168,26112,26211,13926,26214,24600,26112,6246,1542,24678,102,26214, 102
DATA 26214,26112,-20
DATA 600,1,3,-20
DATA 600,1,3,0,0,0,0,0,0,0,0,0,0,0,0,0,12288,-20
DATA 600,1,3,-20
DATA 600,1,3,1536,0,0,102,0,0,0,0,96,6,0,198,0,6144,24,6252,6342,0,-14824,14392,12312,96,-14824,14392,12312,6168,0,0,1536,0,1536, 6144
DATA -20
DATA 600,1,3,-20
DATA 600,1,3,28184,26208,26208,124,30310,26230,1655,30464,1654,110,26230,24,26136,6246,96,24678,6398,6,6192,6168,31756,118,6192,6168,31756,1542,24,26112,28166,24576,28166, 6150
DATA 32256,-20
DATA 600,1,3,-20
DATA 600,1,3,26136,24582,24582,96,24678,15456,26211,25344,26214,102,24672,102,24600,6240,24,6252,6342,102,26136,6168,26136,6246,26136,6168,26136,6168,24,26112,26214,1536,26214, 6758
DATA -20
DATA 600,1,3,-20
DATA 600,1,3,0,0,0,0,0,31744,0,0,0,0,0,0,0,0,0,0,0,0,0,0,0,12288,-20
DATA 600,1,3,-20
DATA 600,1,3,26112,0,0,0,102,0,0,0,0,96,0,0,0,0,108,0,102,0,0,0,0,0,24576,24,24,0,0,6,0,102,6144, 24
DATA -20
DATA 600,1,3,-20
DATA 600,1,3,31862,26214,30214,30583,126,26214,30232,24576,26136,26220,26214,6246,30310,26112,102,1632,124,30310,26230,1655,30464,1654,30310,6168,26136,107,6246,110,1632,56,6262, 1560
DATA 26214,6246,32256,-20
DATA 600,1,3,-20
DATA 600,1,3,24672,26172,24678,25443,102,24678,24600,1536,24600,26220,26236,6240,24672,26136,108,26118,96,24678,15456,26211,25344,26208,26208,6170,24602,54,6240,102,26118,102,6752, 26138
DATA 24636,6240,-20
DATA 600,1,3,-20
DATA 600,1,3,0,124,0,0,0,0,0,0,0,0,240,0,0,0,0,0,0,0,31744,0,0,0,0,0,0,0,0,0,0,0,0, 0
DATA 124,-20
DATA 600,1,3,-20
DATA 600,1,3,24576,6150,6,0,0,0,1560,15360,0,15360,27648,0,24576,0,0,24576,0,0,1536,102,0,0,0,0,0,6144,0,60,26214,6168,102, 6
DATA 60,15420,-20
DATA 600,1,3,-20
DATA 600,1,3,30232,6254,6,26118,26214,26112,28160,26230,26208,6144,26118,24576,30310,30214,26208,27750,30583,26214,28262,124,30310,26230,1655,30464,6240,6144,6263,102,14528,6168,32448, 26222
DATA 26136,6168,-20
DATA 600,1,3,-20
DATA 600,1,3,26136,6246,102,24678,26214,24576,26112,-15520,26118,0,27750,1536,26208,24678,26118,27750,25443,24678,26208,96,24678,15456,26211,25344,6150,6656,6243,195,26214,6168,102, 26214
DATA 24576,-20
DATA 600,1,3,-20
DATA 600,1,3,0,0,0,0,0,0,0,0,0,0,0,0,0,0,0,0,0,0,0,0,0,31744,-20
DATA 600,1,3,-20
DATA 600,1,3,27648,0,0,102,0,0,0,0,0,6144,0,0,0,195,0,24576,6,0,0,0,0,6,0,0,0,0,0,24,6204,108,96, 0
DATA 0,24,6168,-20
DATA 600,1,3,-20
DATA 600,1,3,26136,26208,26208,124,30310,26230,1655,30464,6240,6144,26214,30208,6246,102,26230,30232,26222,26214,26112,19558,6,26222,26230,26214,96,6246,26214,26136,6168,102,1654, 26230
DATA 96,26136,6168,26112,-20
DATA 600,1,3,15420,15419,60,15419,26214,15360,15104,-15376,15484,6144,-1989,31744,-6596,-4037,15228,-6596,25443,15462,15164,240,-4036,-14608,15203,25344,15484,3072,15459,195,15420,32382,60, 15419
DATA 15384,6168,-20
DATA 600,1,3,27672,24582,24582,96,24678,15456,26211,25344,6150,6656,26214,24576,6246,60,24672,26136,26214,26214,15360,12902,102,26214,24672,24678,6,6246,26172,26136,6144,108,26214, 24672
DATA 6,26136,6170,24576,-20
DATA 600,1,3,26136,6246,102,32286,26214,32256,26112,32358,24636,6144,26142,15360,26238,26142,26172,30822,27499,32358,26238,96,26214,26214,7787,27392,6204,6144,6251,126,3776,6168,192, 26214
DATA 32280,6168,-20
DATA 600,1,3,0,0,0,0,0,31744,0,0,0,0,0,0,0,0,0,0,0,0,31744,-20
DATA 600,1,3,27704,6198,6,15420,31868,15360,13836,15596,15422,15360,26172,15872,27708,-5060,26174,26172,26214,15484,13884,102,-5060,15340,15462,26112,14398,15872,14438,60,28864,6168,192, 15414
DATA 15420,15420,-20
DATA 600,1,3,0,0,26112,0,0,102,0,0,1560,0,24,6,0,0,0,96,0,0,102,24,1536,0,0,6,24,0,6144,0,0,0,6, 6
DATA -20
DATA 600,1,3,-8168,14350,14,0,0,0,3608,6144,0,6144,-2048,0,-8192,0,0,-8192,0,0,3584,252,0,0,0,0,6144,2048,6144,24,15420,32382,60, 14
DATA 24,6168,-20
DATA 600,1,3,30470,26112,32358,26230,6240,102,30571,1638,28184,26230,24,1646,26214,0,24600,26230,102,6246,124,6168,28160,26231,27398,26222,26136,26112,6150,24672,26214,102,26222, 110
DATA 1638,26112,-20
DATA 600,1,3,-3856,15558,-4037,25443,102,15462,-4036,31744,15420,26342,15456,15420,-4036,26136,248,15228,240,-4036,-14608,15203,25344,15344,15420,15372,15372,54,15420,59,15228,60,3312, 15116
DATA 15558,15420,-20
DATA 600,1,3,25446,26112,26208,26208,6150,102,25398,26214,26136,24672,24,26214,24678,6144,1560,26214,96,6246,102,6168,26112,26211,13926,26214,24600,26112,6246,1542,24678,102,26214, 102
DATA 26214,26112,-20
DATA 600,1,3,24678,26214,26142,27499,102,32358,26136,15360,32280,26232,26214,6270,26238,26112,102,7740,96,26214,26214,7787,27392,7782,26238,6168,32280,107,6270,102,7740,14,6246, 7704
DATA 32358,6270,-20
DATA 600,1,3,0,0,0,0,0,0,0,0,0,0,0,0,0,12288,-20
DATA 600,1,3,26348,15419,-5060,26214,102,15484,-5064,15872,15416,31846,15580,14396,-5060,31744,102,15422,102,-5060,15340,15462,26112,15596,27708,14398,15422,99,14396,54,15422,112,16108, 15422
DATA 15419,14396,-20
DATA 600,1,3,1536,0,0,102,0,0,0,0,96,6,0,198,0,6144,24,6252,6342,0,-14824,14392,12312,96,-14824,14392,12312,6168,0,0,1536,0,1536, 6144
DATA -20
DATA 600,1,3,-1024,0,0,0,102,0,24,0,24,224,0,6144,0,0,248,0,252,0,0,0,0,0,-8192,6152,8,0,6144,14,0,60,2048, 8
DATA 0,6144,-20
DATA 600,1,3,28184,26208,26208,124,30310,26230,1655,30464,1654,110,26230,24,26136,6246,96,24678,6398,6,6192,6168,31756,118,6192,6168,31756,1542,24,26112,28166,24576,28166, 6150
DATA 32256,-20
DATA 600,1,3,15164,15484,15484,240,-4036,-14608,15203,25344,15164,59,15600,254,15420,15420,12,3320,32454,59,-14836,32382,15408,6204,-14836,32382,15408,12336,60,26112,15163,31744,15163, 3131
DATA -20
DATA 600,1,3,26136,24582,24582,96,24678,15456,26211,25344,26214,102,24672,102,24600,6240,24,6252,6342,102,26136,6168,26136,6246,26136,6168,26136,6168,24,26112,26214,1536,26214, 6758
DATA -20
DATA 600,1,3,26136,32316,32316,96,26214,26214,7787,27392,7782,102,32358,50,32280,6270,48,12390,6358,30,12336,6168,26124,102,12336,6168,26124,3084,24,26112,26142,15360,26142, 6174
DATA -20
DATA 600,1,3,0,0,0,0,0,31744,0,0,0,0,0,0,0,0,0,0,0,0,0,0,0,12288,-20
DATA 600,1,3,13880,15422,15422,102,-5060,15340,15462,26112,15468,54,15596,140,15416,6204,48,12390,6382,60,-13264,6168,24588,108,-13264,6168,24588,3084,56,31744,13884,15872,13884, 15932
DATA -20
DATA 600,1,3,26112,0,0,0,102,0,0,0,0,96,0,0,0,0,108,0,102,0,0,0,0,0,24576,24,24,0,0,6,0,102,6144, 24
DATA -20
DATA 600,1,3,3608,0,0,252,0,0,0,0,224,14,0,254,24,14336,12,3320,32386,0,12,6168,7216,224,12,6168,7216,12336,24,0,3584,0,3584, 2048
DATA -20
DATA 600,1,3,31862,26214,30214,30583,126,26214,30232,24576,26136,26220,26214,6246,30310,26112,102,1632,124,30310,26230,1655,30464,1654,30310,6168,26136,107,6246,110,1632,56,6262, 1560
DATA 26214,6246,32256,-20
DATA 600,1,3,25403,26112,26172,26352,15484,62,25398,15206,15164,15600,60,15163,15462,6144,31804,15590,60,15462,252,15420,15104,15203,13883,26171,15420,26112,15419,31868,15462,59,26171, 59
DATA 15206,26112,-20
DATA 600,1,3,24672,26172,24678,25443,102,24678,24600,1536,24600,26220,26236,6240,24672,26136,108,26118,96,24678,15456,26211,25344,26208,26208,6170,24602,54,6240,102,26118,102,6752, 26138
DATA 24636,6240,-20
DATA 600,1,3,27422,26112,26238,26214,6204,102,27499,7782,26136,32358,24,7782,32358,0,15384,24678,126,6246,102,6168,26112,26219,27422,26214,32280,26112,6174,15420,32358,102,26214, 102
DATA 7782,26112,-20
DATA 600,1,3,0,124,0,0,0,0,0,0,0,0,240,0,0,0,0,0,0,0,31744,0,0,0,0,0,0,0,0,0,0,0,0, 0
DATA 124,-20
DATA 600,1,3,26172,31744,26172,31980,14398,102,26211,15484,13848,15596,24,15414,15484,0,15928,15468,60,14460,102,14360,13824,26214,25404,31798,15384,31744,6204,15934,15484,102,31798, 54
DATA 15484,31744,-20
DATA 600,1,3,24576,6150,6,0,0,0,1560,15360,0,15360,27648,0,24576,0,0,24576,0,0,1536,102,0,0,0,0,0,6144,0,60,26214,6168,102, 6
DATA 60,15420,-20
DATA 600,1,3,0,0,26112,0,6144,102,0,0,3640,0,56,14,0,0,24,224,0,6144,252,6200,3584,0,0,14,56,0,14336,0,0,0,14, 14
DATA -20
DATA 600,1,3,30232,6254,6,26118,26214,26112,28160,26230,26208,6144,26118,24576,30310,30214,26208,27750,30583,26214,28262,124,30310,26230,1655,30464,6240,6144,6263,102,14528,6168,32448, 26222
DATA 26136,6168,-20
DATA 600,1,3,-1988,15484,15484,240,-4036,-14608,15203,25344,15484,3072,26171,-4096,15462,24,15600,15420,26171,15206,-14848,32315,59,26171,15600,15462,124,15462,26136,15420,15384,248,15334, 15600
DATA 124,15420,15372,15360,-20
DATA 600,1,3,26136,6246,102,24678,26214,24576,26112,-15520,26118,0,27750,1536,26208,24678,26118,27750,25443,24678,26208,96,24678,15456,26211,25344,6150,6656,6243,195,26214,6168,102, 26214
DATA 24576,-20
DATA 600,1,3,26136,32316,32316,96,26214,26214,7787,27392,6204,6144,26214,26112,6246,60,32358,26136,26214,26214,26112,6246,30,26214,32358,32358,60,6246,26214,26136,6168,102,7782, 32358
DATA 60,26136,6168,32256,-20
DATA 600,1,3,0,0,0,0,0,0,0,0,0,0,0,0,0,0,0,0,0,0,0,0,0,31744,-20
DATA 600,1,3,26168,15422,15422,102,-5060,15340,15462,26112,14398,15872,31846,-5120,14460,102,15596,27704,31798,26236,15104,32358,60,31798,15596,15484,62,14460,31846,15384,6204,102,15468, 15596
DATA 62,15384,6206,15360,-20
DATA 600,1,3,27648,0,0,102,0,0,0,0,0,6144,0,0,0,195,0,24576,6,0,0,0,0,6,0,0,0,0,0,24,6204,108,96, 0
DATA 0,24,6168,-20
DATA 600,1,3,-2024,0,0,252,0,0,0,0,6144,2048,0,0,6144,195,0,-8168,14,0,0,0,0,14,0,0,0,6144,0,56,14360,248,224, 0
DATA 0,56,14344,-20
DATA 600,1,3,26136,26208,26208,124,30310,26230,1655,30464,6240,6144,26214,30208,6246,102,26230,30232,26222,26214,26112,19558,6,26222,26230,26214,96,6246,26214,26136,6168,102,1654, 26230
DATA 96,26136,6168,26112,-20
DATA 600,1,3,15420,15419,60,15419,26214,15360,15104,-15376,15484,6144,-1989,31744,-6596,-4037,15228,-6596,25443,15462,15164,240,-4036,-14608,15203,25344,15484,3072,15459,195,15420,32382,60, 15419
DATA 15384,6168,-20
DATA 600,1,3,27672,24582,24582,96,24678,15456,26211,25344,6150,6656,26214,24576,6246,60,24672,26136,26214,26214,15360,12902,102,26214,24672,24678,6,6246,26172,26136,6144,108,26214, 24672
DATA 6,26136,6170,24576,-20
DATA 600,1,3,26136,6246,102,32286,26214,32256,26112,32358,24636,6144,26142,15360,26238,26142,26172,30822,27499,32358,26238,96,26214,26214,7787,27392,6204,6144,6251,126,3776,6168,192, 26214
DATA 32280,6168,-20
DATA 600,1,3,0,0,0,0,0,31744,0,0,0,0,0,0,0,0,0,0,0,0,31744,-20
DATA 600,1,3,27704,6198,6,15420,31868,15360,13836,15596,15422,15360,26172,15872,27708,-5060,26174,26172,26214,15484,13884,102,-5060,15340,15462,26112,14398,15872,14438,60,28864,6168,192, 15414
DATA 15420,15420,-20
DATA 600,1,3,0,0,26112,0,0,102,0,0,1560,0,24,6,0,0,0,96,0,0,102,24,1536,0,0,6,24,0,6144,0,0,0,6, 6
DATA -20
DATA 600,1,3,-8168,14350,14,0,0,0,3608,6144,0,6144,-2048,0,-8192,0,0,-8192,0,0,3584,252,0,0,0,0,6144,2048,6144,24,15420,32382,60, 14
DATA 24,6168,-20
DATA 600,1,3,30470,26112,32358,26230,6240,102,30571,1638,28184,26230,24,1646,26214,0,24600,26230,102,6246,124,6168,28160,26231,27398,26222,26136,26112,6150,24672,26214,102,26222, 110
DATA 1638,26112,-20
DATA 600,1,3,-3856,15558,-4037,25443,102,15462,-4036,31744,15420,26342,15456,15420,-4036,26136,248,15228,240,-4036,-14608,15203,25344,15344,15420,15372,15372,54,15420,59,15228,60,3312, 15116
DATA 15558,15420,-20
DATA 600,1,3,25446,26112,26208,26208,6150,102,25398,26214,26136,24672,24,26214,24678,6144,1560,26214,96,6246,102,6168,26112,26211,13926,26214,24600,26112,6246,1542,24678,102,26214, 102
DATA 26214,26112,-20
DATA 600,1,3,24678,26214,26142,27499,102,32358,26136,15360,32280,26232,26214,6270,26238,26112,102,7740,96,26214,26214,7787,27392,7782,26238,6168,32280,107,6270,102,7740,14,6246, 7704
DATA 32358,6270,-20
DATA 600,1,3,0,0,0,0,0,0,0,0,0,0,0,0,0,12288,-20
DATA 600,1,3,26348,15419,-5060,26214,102,15484,-5064,15872,15416,31846,15580,14396,-5060,31744,102,15422,102,-5060,15340,15462,26112,15596,27708,14398,15422,99,14396,54,15422,112,16108, 15422
DATA 15419,14396,-20
DATA 600,1,3,1536,0,0,102,0,0,0,0,96,6,0,198,0,6144,24,6252,6342,0,-14824,14392,12312,96,-14824,14392,12312,6168,0,0,1536,0,1536, 6144
DATA -20
DATA 600,1,3,-1024,0,0,0,102,0,24,0,24,224,0,6144,0,0,248,0,252,0,0,0,0,0,-8192,6152,8,0,6144,14,0,60,2048, 8
DATA 0,6144,-20
DATA 600,1,3,28184,26208,26208,124,30310,26230,1655,30464,1654,110,26230,24,26136,6246,96,24678,6398,6,6192,6168,31756,118,6192,6168,31756,1542,24,26112,28166,24576,28166, 6150
DATA 32256,-20
DATA 600,1,3,15164,15484,15484,240,-4036,-14608,15203,25344,15164,59,15600,254,15420,15420,12,3320,32454,59,-14836,32382,15408,6204,-14836,32382,15408,12336,60,26112,15163,31744,15163, 3131
DATA -20
DATA 600,1,3,26136,24582,24582,96,24678,15456,26211,25344,26214,102,24672,102,24600,6240,24,6252,6342,102,26136,6168,26136,6246,26136,6168,26136,6168,24,26112,26214,1536,26214, 6758
DATA -20
DATA 600,1,3,26136,32316,32316,96,26214,26214,7787,27392,7782,102,32358,50,32280,6270,48,12390,6358,30,12336,6168,26124,102,12336,6168,26124,3084,24,26112,26142,15360,26142, 6174
DATA -20
DATA 600,1,3,0,0,0,0,0,31744,0,0,0,0,0,0,0,0,0,0,0,0,0,0,0,12288,-20
DATA 600,1,3,13880,15422,15422,102,-5060,15340,15462,26112,15468,54,15596,140,15416,6204,48,12390,6382,60,-13264,6168,24588,108,-13264,6168,24588,3084,56,31744,13884,15872,13884, 15932
DATA -20
DATA 600,1,3,26112,0,0,0,102,0,0,0,0,96,0,0,0,0,108,0,102,0,0,0,0,0,24576,24,24,0,0,6,0,102,6144, 24
DATA -20
DATA 600,1,3,3608,0,0,252,0,0,0,0,224,14,0,254,24,14336,12,3320,32386,0,12,6168,7216,224,12,6168,7216,12336,24,0,3584,0,3584, 2048
DATA -20
DATA 600,1,3,31862,26214,30214,30583,126,26214,30232,24576,26136,26220,26214,6246,30310,26112,102,1632,124,30310,26230,1655,30464,1654,30310,6168,26136,107,6246,110,1632,56,6262, 1560
DATA 26214,6246,32256,-20
DATA 600,1,3,25403,26112,26172,26352,15484,62,25398,15206,15164,15600,60,15163,15462,6144,31804,15590,60,15462,252,15420,15104,15203,13883,26171,15420,26112,15419,31868,15462,59,26171, 59
DATA 15206,26112,-20
DATA 600,1,3,24672,26172,24678,25443,102,24678,24600,1536,24600,26220,26236,6240,24672,26136,108,26118,96,24678,15456,26211,25344,26208,26208,6170,24602,54,6240,102,26118,102,6752, 26138
DATA 24636,6240,-20
DATA 600,1,3,27422,26112,26238,26214,6204,102,27499,7782,26136,32358,24,7782,32358,0,15384,24678,126,6246,102,6168,26112,26219,27422,26214,32280,26112,6174,15420,32358,102,26214, 102
DATA 7782,26112,-20
DATA 600,1,3,0,124,0,0,0,0,0,0,0,0,240,0,0,0,0,0,0,0,31744,0,0,0,0,0,0,0,0,0,0,0,0, 0
DATA 124,-20
DATA 600,1,3,26172,31744,26172,31980,14398,102,26211,15484,13848,15596,24,15414,15484,0,15928,15468,60,14460,102,14360,13824,26214,25404,31798,15384,31744,6204,15934,15484,102,31798, 54
DATA 15484,31744,-20
DATA 600,1,3,24576,6150,6,0,0,0,1560,15360,0,15360,27648,0,24576,0,0,24576,0,0,1536,102,0,0,0,0,0,6144,0,60,26214,6168,102, 6
DATA 60,15420,-20
DATA 600,1,3,0,0,26112,0,6144,102,0,0,3640,0,56,14,0,0,24,224,0,6144,252,6200,3584,0,0,14,56,0,14336,0,0,0,14, 14
DATA -20
DATA 600,1,3,30232,6254,6,26118,26214,26112,28160,26230,26208,6144,26118,24576,30310,30214,26208,27750,30583,26214,28262,124,30310,26230,1655,30464,6240,6144,6263,102,14528,6168,32448, 26222
DATA 26136,6168,-20
DATA 600,1,3,-1988,15484,15484,240,-4036,-14608,15203,25344,15484,3072,26171,-4096,15462,24,15600,15420,26171,15206,-14848,32315,59,26171,15600,15462,124,15462,26136,15420,15384,248,15334, 15600
DATA 124,15420,15372,15360,-20
DATA 600,1,3,26136,6246,102,24678,26214,24576,26112,-15520,26118,0,27750,1536,26208,24678,26118,27750,25443,24678,26208,96,24678,15456,26211,25344,6150,6656,6243,195,26214,6168,102, 26214
DATA 24576,-20
DATA 600,1,3,26136,32316,32316,96,26214,26214,7787,27392,6204,6144,26214,26112,6246,60,32358,26136,26214,26214,26112,6246,30,26214,32358,32358,60,6246,26214,26136,6168,102,7782, 32358
DATA 60,26136,6168,32256,-20
DATA 600,1,3,0,0,0,0,0,0,0,0,0,0,0,0,0,0,0,0,0,0,0,0,0,31744,-20
DATA 600,1,3,26168,15422,15422,102,-5060,15340,15462,26112,14398,15872,31846,-5120,14460,102,15596,27704,31798,26236,15104,32358,60,31798,15596,15484,62,14460,31846,15384,6204,102,15468, 15596
DATA 62,15384,6206,15360,-20
DATA 600,1,3,27648,0,0,102,0,0,0,0,0,6144,0,0,0,195,0,24576,6,0,0,0,0,6,0,0,0,0,0,24,6204,108,96, 0
DATA 0,24,6168,-20
DATA 600,1,3,-2024,0,0,252,0,0,0,0,6144,2048,0,0,6144,195,0,-8168,14,0,0,0,0,14,0,0,0,6144,0,56,14360,248,224, 0
DATA 0,56,14344,-20
DATA 600,1,3,26136,26208,26208,124,30310,26230,1655,30464,6240,6144,26214,30208,6246,102,26230,30232,26222,26214,26112,19558,6,26222,26230,26214,96,6246,26214,26136,6168,102,1654, 26230
DATA 96,26136,6168,26112,-20
DATA 600,1,3,15420,15419,60,15419,26214,15360,15104,-15376,15484,6144,-1989,31744,-6596,-4037,15228,-6596,25443,15462,15164,240,-4036,-14608,15203,25344,15484,3072,15459,195,15420,32382,60, 15419
DATA 15384,6168,-20
DATA 600,1,3,27672,24582,24582,96,24678,15456,26211,25344,6150,6656,26214,24576,6246,60,24672,26136,26214,26214,15360,12902,102,26214,24672,24678,6,6246,26172,26136,6144,108,26214, 24672
DATA 6,26136,6170,24576,-20
DATA 600,1,3,26136,6246,102,32286,26214,32256,26112,32358,24636,6144,26142,15360,26238,26142,26172,30822,27499,32358,26238,96,26214,26214,7787,27392,6204,6144,6251,126,3776,6168,192, 26214
DATA 32280,6168,-20
DATA 600,1,3,0,0,0,0,0,31744,0,0,0,0,0,0,0,0,0,0,0,0,31744,-20
DATA 600,1,3,27704,6198,6,15420,31868,15360,13836,15596,15422,15360,26172,15872,27708,-5060,26174,26172,26214,15484,13884,102,-5060,15340,15462,26112,14398,15872,14438,60,28864,6168,192, 15414
DATA 15420,15420,-20
DATA 600,1,3,0,0,26112,0,0,102,0,0,1560,0,24,6,0,0,0,96,0,0,102,24,1536,0,0,6,24,0,6144,0,0,0,6, 6
DATA -20
DATA 600,1,3,-8168,14350,14,0,0,0,3608,6144,0,6144,-2048,0,-8192,0,0,-8192,0,0,3584,252,0,0,0,0,6144,2048,6144,24,15420,32382,60, 14
DATA 24,6168,-20
DATA 600,1,3,30470,26112,32358,26230,6240,102,30571,1638,28184,26230,24,1646,26214,0,24600,26230,102,6246,124,6168,28160,26231,27398,26222,26136,26112,6150,24672,26214,102,26222, 110
DATA 1638,26112,-20
DATA 600,1,3,-3856,15558,-4037,25443,102,15462,-4036,31744,15420,26342,15456,15420,-4036,26136,248,15228,240,-4036,-14608,15203,25344,15344,15420,15372,15372,54,15420,59,15228,60,3312, 15116
DATA 15558,15420,-20
DATA 600,1,3,25446,26112,26208,26208,6150,102,25398,26214,26136,24672,24,26214,24678,6144,1560,26214,96,6246,102,6168,26112,26211,13926,26214,24600,26112,6246,1542,24678,102,26214, 102
DATA 26214,26112,-20
DATA 600,1,3,24678,26214,26142,27499,102,32358,26136,15360,32280,26232,26214,6270,26238,26112,102,7740,96,26214,26214,7787,27392,7782,26238,6168,32280,107,6270,102,7740,14,6246, 7704
DATA 32358,6270,-20
DATA 600,1,3,0,0,0,0,0,0,0,0,0,0,0,0,0,12288,-20
DATA 600,1,3,26348,15419,-5060,26214,102,15484,-5064,15872,15416,31846,15580,14396,-5060,31744,102,15422,102,-5060,15340,15462,26112,15596,27708,14398,15422,99,14396,54,15422,112,16108, 15422
DATA 15419,14396,-20
DATA 600,1,3,1536,0,0,102,0,0,0,0,96,6,0,198,0,6144,24,6252,6342,0,-14824,14392,12312,96,-14824,14392,12312,6168,0,0,1536,0,1536, 6144
DATA -20
DATA 600,1,3,-1024,0,0,0,102,0,24,0,24,224,0,6144,0,0,248,0,252,0,0,0,0,0,-8192,6152,8,0,6144,14,0,60,2048, 8
DATA 0,6144,-20
DATA 600,1,3,28184,26208,26208,124,30310,26230,1655,30464,1654,110,26230,24,26136,6246,96,24678,6398,6,6192,6168,31756,118,6192,6168,31756,1542,24,26112,28166,24576,28166, 6150
DATA 32256,-20
DATA 600,1,3,15164,15484,15484,240,-4036,-14608,15203,25344,15164,59,15600,254,15420,15420,12,3320,32454,59,-14836,32382,15408,6204,-14836,32382,15408,12336,60,26112,15163,31744,15163, 3131
DATA -20
DATA 600,1,3,26136,24582,24582,96,24678,15456,26211,25344,26214,102,24672,102,24600,6240,24,6252,6342,102,26136,6168,26136,6246,26136,6168,26136,6168,24,26112,26214,1536,26214, 6758
DATA -20
DATA 600,1,3,26136,32316,32316,96,26214,26214,7787,27392,7782,102,32358,50,32280,6270,48,12390,6358,30,12336,6168,26124,102,12336,6168,26124,3084,24,26112,26142,15360,26142, 6174
DATA -20
DATA 600,1,3,0,0,0,0,0,31744,0,0,0,0,0,0,0,0,0,0,0,0,0,0,0,12288,-20
DATA 600,1,3,13880,15422,15422,102,-5060,15340,15462,26112,15468,54,15596,140,15416,6204,48,12390,6382,60,-13264,6168,24588,108,-13264,6168,24588,3084,56,31744,13884,15872,13884, 15932
DATA -20
DATA 600,1,3,26112,0,0,0,102,0,0,0,0,96,0,0,0,0,108,0,102,0,0,0,0,0,24576,24,24,0,0,6,0,102,6144, 24
DATA -20
DATA 600,1,3,3608,0,0,252,0,0,0,0,224,14,0,254,24,14336,12,3320,32386,0,12,6168,7216,224,12,6168,7216,12336,24,0,3584,0,3584, 2048
DATA -20
DATA 600,1,3,31862,26214,30214,30583,126,26214,30232,24576,26136,26220,26214,6246,30310,26112,102,1632,124,30310,26230,1655,30464,1654,30310,6168,26136,107,6246,110,1632,56,6262, 1560
DATA 26214,6246,32256,-20
DATA 600,1,3,25403,26112,26172,26352,15484,62,25398,15206,15164,15600,60,15163,15462,6144,31804,15590,60,15462,252,15420,15104,15203,13883,26171,15420,26112,15419,31868,15462,59,26171, 59
DATA 15206,26112,-20
DATA 600,1,3,24672,26172,24678,25443,102,24678,24600,1536,24600,26220,26236,6240,24672,26136,108,26118,96,24678,15456,26211,25344,26208,26208,6170,24602,54,6240,102,26118,102,6752, 26138
DATA 24636,6240,-20
DATA 600,1,3,27422,26112,26238,26214,6204,102,27499,7782,26136,32358,24,7782,32358,0,15384,24678,126,6246,102,6168,26112,26219,27422,26214,32280,26112,6174,15420,32358,102,26214, 102
DATA 7782,26112,-20
DATA 600,1,3,0,124,0,0,0,0,0,0,0,0,240,0,0,0,0,0,0,0,31744,0,0,0,0,0,0,0,0,0,0,0,0, 0
DATA 124,-20
DATA 600,1,3,26172,31744,26172,31980,14398,102,26211,15484,13848,15596,24,15414,15484,0,15928,15468,60,14460,102,14360,13824,26214,25404,31798,15384,31744,6204,15934,15484,102,31798, 54
DATA 15484,31744,-20
DATA 600,1,3,24576,6150,6,0,0,0,1560,15360,0,15360,27648,0,24576,0,0,24576,0,0,1536,102,0,0,0,0,0,6144,0,60,26214,6168,102, 6
DATA 60,15420,-20
DATA 600,1,3,0,0,26112,0,6144,102,0,0,3640,0,56,14,0,0,24,224,0,6144,252,6200,3584,0,0,14,56,0,14336,0,0,0,14, 14
DATA -20
DATA 600,1,3,30232,6254,6,26118,26214,26112,28160,26230,26208,6144,26118,24576,30310,30214,26208,27750,30583,26214,28262,124,30310,26230,1655,30464,6240,6144,6263,102,14528,6168,32448, 26222
DATA 26136,6168,-20
DATA 600,1,3,-1988,15484,15484,240,-4036,-14608,15203,25344,15484,3072,26171,-4096,15462,24,15600,15420,26171,15206,-14848,32315,59,26171,15600,15462,124,15462,26136,15420,15384,248,15334, 15600
DATA 124,15420,15372,15360,-20
DATA 600,1,3,26136,6246,102,24678,26214,24576,26112,-15520,26118,0,27750,1536,26208,24678,26118,27750,25443,24678,26208,96,24678,15456,26211,25344,6150,6656,6243,195,26214,6168,102, 26214
DATA 24576,-20
DATA 600,1,3,26136,32316,32316,96,26214,26214,7787,27392,6204,6144,26214,26112,6246,60,32358,26136,26214,26214,26112,6246,30,26214,32358,32358,60,6246,26214,26136,6168,102,7782, 32358
DATA 60,26136,6168,32256,-20
DATA 600,1,3,0,0,0,0,0,0,0,0,0,0,0,0,0,0,0,0,0,0,0,0,0,31744,-20
DATA 600,1,3,26168,15422,15422,102,-5060,15340,15462,26112,14398,15872,31846,-5120,14460,102,15596,27704,31798,26236,15104,32358,60,31798,15596,15484,62,14460,31846,15384,6204,102,15468, 15596
DATA 62,15384,6206,15360,-20
DATA 600,1,3,-20
DATA 600,1,3,-2024,0,0,252,0,0,0,0,6144,2048,0,0,6144,195,0,-8168,14,0,0,0,0,14,0,0,0,6144,0,56,14360,248,224, 0
DATA 0,56,14344,-20
DATA 600,1,3,-20
DATA 600,1,3,15420,15419,60,15419,26214,15360,15104,-15376,15484,6144,-1989,31744,-6596,-4037,15228,-6596,25443,15462,15164,240,-4036,-14608,15203,25344,15484,3072,15459,195,15420,32382,60, 15419
DATA 15384,6168,-20
DATA 600,1,3,-20
DATA 600,1,3,26136,6246,102,32286,26214,32256,26112,32358,24636,6144,26142,15360,26238,26142,26172,30822,27499,32358,26238,96,26214,26214,7787,27392,6204,6144,6251,126,3776,6168,192, 26214
DATA 32280,6168,-20
DATA 600,1,3,-20
DATA 600,1,3,27704,6198,6,15420,31868,15360,13836,15596,15422,15360,26172,15872,27708,-5060,26174,26172,26214,15484,13884,102,-5060,15340,15462,26112,14398,15872,14438,60,28864,6168,192, 15414
DATA 15420,15420,-20
DATA 600,1,3,-20
DATA 600,1,3,-8168,14350,14,0,0,0,3608,6144,0,6144,-2048,0,-8192,0,0,-8192,0,0,3584,252,0,0,0,0,6144,2048,6144,24,15420,32382,60, 14
DATA 24,6168,-20
DATA 600,1,3,-20
DATA 600,1,3,-3856,15558,-4037,25443,102,15462,-4036,31744,15420,26342,15456,15420,-4036,26136,248,15228,240,-4036,-14608,15203,25344,15344,15420,15372,15372,54,15420,59,15228,60,3312, 15116
DATA 15558,15420,-20
DATA 600,1,3,-20
DATA 600,1,3,24678,26214,26142,27499,102,32358,26136,15360,32280,26232,26214,6270,26238,26112,102,7740,96,26214,26214,7787,27392,7782,26238,6168,32280,107,6270,102,7740,14,6246, 7704
DATA 32358,6270,-20
DATA 600,1,3,-20
DATA 600,1,3,26348,15419,-5060,26214,102,15484,-5064,15872,15416,31846,15580,14396,-5060,31744,102,15422,102,-5060,15340,15462,26112,15596,27708,14398,15422,99,14396,54,15422,112,16108, 15422
DATA 15419,14396,-20
DATA 600,1,3,-20
DATA 600,1,3,-1024,0,0,0,102,0,24,0,24,224,0,6144,0,0,248,0,252,0,0,0,0,0,-8192,6152,8,0,6144,14,0,60,2048, 8
DATA 0,6144,-20
DATA 600,1,3,-20
DATA 600,1,3,15164,15484,15484,240,-4036,-14608,15203,25344,15164,59,15600,254,15420,15420,12,3320,32454,59,-14836,32382,15408,6204,-14836,32382,15408,12336,60,26112,15163,31744,15163, 3131
DATA -20
DATA 600,1,3,-20
DATA 600,1,3,26136,32316,32316,96,26214,26214,7787,27392,7782,102,32358,50,32280,6270,48,12390,6358,30,12336,6168,26124,102,12336,6168,26124,3084,24,26112,26142,15360,26142, 6174
DATA -20
DATA 600,1,3,-20
DATA 600,1,3,13880,15422,15422,102,-5060,15340,15462,26112,15468,54,15596,140,15416,6204,48,12390,6382,60,-13264,6168,24588,108,-13264,6168,24588,3084,56,31744,13884,15872,13884, 15932
DATA -20
DATA 600,1,3,-20
DATA 600,1,3,3608,0,0,252,0,0,0,0,224,14,0,254,24,14336,12,3320,32386,0,12,6168,7216,224,12,6168,7216,12336,24,0,3584,0,3584, 2048
DATA -20
DATA 600,1,3,-20
DATA 600,1,3,25403,26112,26172,26352,15484,62,25398,15206,15164,15600,60,15163,15462,6144,31804,15590,60,15462,252,15420,15104,15203,13883,26171,15420,26112,15419,31868,15462,59,26171, 59
DATA 15206,26112,-20
DATA 600,1,3,-20
DATA 600,1,3,27422,26112,26238,26214,6204,102,27499,7782,26136,32358,24,7782,32358,0,15384,24678,126,6246,102,6168,26112,26219,27422,26214,32280,26112,6174,15420,32358,102,26214, 102
DATA 7782,26112,-20
DATA 600,1,3,-20
DATA 600,1,3,26172,31744,26172,31980,14398,102,26211,15484,13848,15596,24,15414,15484,0,15928,15468,60,14460,102,14360,13824,26214,25404,31798,15384,31744,6204,15934,15484,102,31798, 54
DATA 15484,31744,-20
DATA 600,1,3,-20
DATA 600,1,3,0,0,26112,0,6144,102,0,0,3640,0,56,14,0,0,24,224,0,6144,252,6200,3584,0,0,14,56,0,14336,0,0,0,14, 14
DATA -20
DATA 600,1,3,-20
DATA 600,1,3,-1988,15484,15484,240,-4036,-14608,15203,25344,15484,3072,26171,-4096,15462,24,15600,15420,26171,15206,-14848,32315,59,26171,15600,15462,124,15462,26136,15420,15384,248,15334, 15600
DATA 124,15420,15372,15360,-20
DATA 600,1,3,-20
DATA 600,1,3,26136,32316,32316,96,26214,26214,7787,27392,6204,6144,26214,26112,6246,60,32358,26136,26214,26214,26112,6246,30,26214,32358,32358,60,6246,26214,26136,6168,102,7782, 32358
DATA 60,26136,6168,32256,-20
DATA 600,1,3,-20
DATA 600,1,3,26168,15422,15422,102,-5060,15340,15462,26112,14398,15872,31846,-5120,14460,102,15596,27704,31798,26236,15104,32358,60,31798,15596,15484,62,14460,31846,15384,6204,102,15468, 15596
DATA 62,15384,6206,15360,-20
SCREEN 2,640,220,3,2:WINDOW 2,,,0,2
DIM a%(116),b%(116),c%(116,200):PSET (101,203),2
i=0:ii=199
jn:PSET (i/2,203),2
FOR l=0 TO 116:READ a%(l):IF a%(l)=-20 THEN FOR ml=l TO 116:a%(ml)=0:NEXT ml:l=116
NEXT l
FOR l=0 TO 116:READ b%(l):IF b%(l)=-20 THEN FOR ml=l TO 116:b%(ml)=0:NEXT ml:l=116
NEXT l:FOR l=0 TO 116:c%(l,i)=a%(l):NEXT l:FOR l=0 TO 116:c%(l,ii)=b%(l):NEXT l
i=i+2:ii=ii-2:IF i<>200 THEN jn:
i=0:ii=199
kl:
PUT (0,i),c%(0,i):PUT (0,ii),c%(0,ii)
i=i+2:ii=ii-2:IF i<>200 THEN kl:
